7938024839052273
7902399703986576
2703999172365581
4713848046032694
1378838153543659
5491755418835226
6784171878774491
5558298207485830
6225227152110187
6009562859439056
3630840464643840
0937572975653048
5554219245862513
9737502187155856
7941612044597539
0556326891488719
3114959093407575
0647840062474185
8999337732563406
0405685376867184
9731023718937480
4057005678065734
3048759532739779
5333858960423370
0103003836040924
9291093003019869
0164486140810311
5084930523878045
7106033502327100
9717451782545301
9459396640820607
2981161181150083
7013437751266541
7134861506531019
5768547966667041
0814884579845889
4704065385124675
5052077975399491
5983090768386196
7897552494479556
1591388943951745
1460322147709572
9768299837126176
5045123724182603
9496513269003953
1126919061738703
6914146102404317
9470115222497720
9071609296028448
0151115170853796
3158092433905544
3822640008176714
8185319391049000
3282483500670733
2140087384529098
0535545116193479
8075842507076823
9038310080476161
4964284498103743
4812839996173984
0634697494196709
7315645128807796
0123211013800942
4029792231321681
0604994506908828
0209535989128401
0814959023590136
9040244190215490
2038216832973486
1156980226761213
6573632503735918
4089582326663442
9289256728008258
0323321916391796
6644457677021143
7443079994412947
3090311539631813
0876291412504267
6341959888738896
8695968694768138
0811876188356889
9372383515422915
8804085595773764
3545694363474075
0254215160023050
5748060592837629
8592559114426369
1045821608478170
4695329416602335
8181130723583561
7924839647731749
6980366542312125
6480105426795910
8997969057220150
5645230647118520
1124552323119809
5242358451104161
4523368483923092
7227930901582502
8399301527396492