stop:[1110011, 1110100, 1101111, 1110000]
food:[1100110, 1101111, 1101111, 1100100]
win:[1110111, 1101001, 1101110]
conduit:[1100011, 1101111, 1101110, 1100100, 1110101, 1101001, 1110100]
today:[1110100, 1101111, 1100100, 1100001, 1111001]
face:[1100110, 1100001, 1100011, 1100101]
laser:[1101100, 1100001, 1110011, 1100101, 1110010]
roof:[1110010, 1101111, 1101111, 1100110]
take:[1110100, 1100001, 1101011, 1100101]
water:[1110111, 1100001, 1110100, 1100101, 1110010]
angle:[1100001, 1101110, 1100111, 1101100, 1100101]
claw:[1100011, 1101100, 1100001, 1110111]
devil:[1100100, 1100101, 1110110, 1101001, 1101100]
fish:[1100110, 1101001, 1110011, 1101000]
granddaughter:[1100111, 1110010, 1100001, 1101110, 1100100, 1100100, 1100001, 1110101, 1100111, 1101000, 1110100, 1100101, 1110010]
nurse:[1101110, 1110101, 1110010, 1110011, 1100101]
recently:[1110010, 1100101, 1100011, 1100101, 1101110, 1110100, 1101100, 1111001]
sound:[1110011, 1101111, 1110101, 1101110, 1100100]
subtraction:[1110011, 1110101, 1100010, 1110100, 1110010, 1100001, 1100011, 1110100, 1101001, 1101111, 1101110]
territory:[1110100, 1100101, 1110010, 1110010, 1101001, 1110100, 1101111, 1110010, 1111001]
weaken:[1110111, 1100101, 1100001, 1101011, 1100101, 1101110]
worthlessness:[1110111, 1101111, 1110010, 1110100, 1101000, 1101100, 1100101, 1110011, 1110011, 1101110, 1100101, 1110011, 1110011]
accompany:[1100001, 1100011, 1100011, 1101111, 1101101, 1110000, 1100001, 1101110, 1111001]
beginning:[1100010, 1100101, 1100111, 1101001, 1101110, 1101110, 1101001, 1101110, 1100111]
bird:[1100010, 1101001, 1110010, 1100100]
clip:[1100011, 1101100, 1101001, 1110000]
deck:[1100100, 1100101, 1100011, 1101011]
drain:[1100100, 1110010, 1100001, 1101001, 1101110]
feather:[1100110, 1100101, 1100001, 1110100, 1101000, 1100101, 1110010]
flap:[1100110, 1101100, 1100001, 1110000]
fork:[1100110, 1101111, 1110010, 1101011]
initiate:[1101001, 1101110, 1101001, 1110100, 1101001, 1100001, 1110100, 1100101]
launcher:[1101100, 1100001, 1110101, 1101110, 1100011, 1101000, 1100101, 1110010]
pair:[1110000, 1100001, 1101001, 1110010]
preserve:[1110000, 1110010, 1100101, 1110011, 1100101, 1110010, 1110110, 1100101]
replacement:[1110010, 1100101, 1110000, 1101100, 1100001, 1100011, 1100101, 1101101, 1100101, 1101110, 1110100]
sin:[1110011, 1101001, 1101110]
sterilize:[1110011, 1110100, 1100101, 1110010, 1101001, 1101100, 1101001, 1111010, 1100101]
stylus:[1110011, 1110100, 1111001, 1101100, 1110101, 1110011]
support:[1110011, 1110101, 1110000, 1110000, 1101111, 1110010, 1110100]
telephone:[1110100, 1100101, 1101100, 1100101, 1110000, 1101000, 1101111, 1101110, 1100101]
thistle:[1110100, 1101000, 1101001, 1110011, 1110100, 1101100, 1100101]
utility:[1110101, 1110100, 1101001, 1101100, 1101001, 1110100, 1111001]
warhead:[1110111, 1100001, 1110010, 1101000, 1100101, 1100001, 1100100]
wave:[1110111, 1100001, 1110110, 1100101]
wheeze:[1110111, 1101000, 1100101, 1100101, 1111010, 1100101]
wing:[1110111, 1101001, 1101110, 1100111]
eastward:[1100101, 1100001, 1110011, 1110100, 1110111, 1100001, 1110010, 1100100]
nurse:[1101110, 1110101, 1110010, 1110011, 1100101]
end:[1100101, 1101110, 1100100]
suffix:[1110011, 1110101, 1100110, 1100110, 1101001, 1111000]
ceiling:[1100011, 1100101, 1101001, 1101100, 1101001, 1101110, 1100111]
horizon:[1101000, 1101111, 1110010, 1101001, 1111010, 1101111, 1101110]
roof:[1110010, 1101111, 1101111, 1100110]
together:[1110100, 1101111, 1100111, 1100101, 1110100, 1101000, 1100101, 1110010]
gain:[1100111, 1100001, 1101001, 1101110]
Maltz:[1001101, 1100001, 1101100, 1110100, 1111010]
permit:[1110000, 1100101, 1110010, 1101101, 1101001, 1110100]
square:[1110011, 1110001, 1110101, 1100001, 1110010, 1100101]
thumb:[1110100, 1101000, 1110101, 1101101, 1100010]
value:[1110110, 1100001, 1101100, 1110101, 1100101]
angle:[1100001, 1101110, 1100111, 1101100, 1100101]
betray:[1100010, 1100101, 1110100, 1110010, 1100001, 1111001]
corridor:[1100011, 1101111, 1110010, 1110010, 1101001, 1100100, 1101111, 1110010]
earwax:[1100101, 1100001, 1110010, 1110111, 1100001, 1111000]
feather:[1100110, 1100101, 1100001, 1110100, 1101000, 1100101, 1110010]
gurgle:[1100111, 1110101, 1110010, 1100111, 1101100, 1100101]
launcher:[1101100, 1100001, 1110101, 1101110, 1100011, 1101000, 1100101, 1110010]
motherboard:[1101101, 1101111, 1110100, 1101000, 1100101, 1110010, 1100010, 1101111, 1100001, 1110010, 1100100]
perch:[1110000, 1100101, 1110010, 1100011, 1101000]
pretend:[1110000, 1110010, 1100101, 1110100, 1100101, 1101110, 1100100]
spoon:[1110011, 1110000, 1101111, 1101111, 1101110]
sterilize:[1110011, 1110100, 1100101, 1110010, 1101001, 1101100, 1101001, 1111010, 1100101]
telephone:[1110100, 1100101, 1101100, 1100101, 1110000, 1101000, 1101111, 1101110, 1100101]
time:[1110100, 1101001, 1101101, 1100101]
unlikely:[1110101, 1101110, 1101100, 1101001, 1101011, 1100101, 1101100, 1111001]
wheel:[1110111, 1101000, 1100101, 1100101, 1101100]
also:[1100001, 1101100, 1110011, 1101111]
cannon:[1100011, 1100001, 1101110, 1101110, 1101111, 1101110]
cooperate:[1100011, 1101111, 1101111, 1110000, 1100101, 1110010, 1100001, 1110100, 1100101]
economics:[1100101, 1100011, 1101111, 1101110, 1101111, 1101101, 1101001, 1100011, 1110011]
exhale:[1100101, 1111000, 1101000, 1100001, 1101100, 1100101]
honor:[1101000, 1101111, 1101110, 1101111, 1110010]
horn:[1101000, 1101111, 1110010, 1101110]
motor:[1101101, 1101111, 1110100, 1101111, 1110010]
pair:[1110000, 1100001, 1101001, 1110010]
pretender:[1110000, 1110010, 1100101, 1110100, 1100101, 1101110, 1100100, 1100101, 1110010]
sneeze:[1110011, 1101110, 1100101, 1100101, 1111010, 1100101]
stylus:[1110011, 1110100, 1111001, 1101100, 1110101, 1110011]
support:[1110011, 1110101, 1110000, 1110000, 1101111, 1110010, 1110100]
today:[1110100, 1101111, 1100100, 1100001, 1111001]
transtator:[1110100, 1110010, 1100001, 1101110, 1110011, 1110100, 1100001, 1110100, 1101111, 1110010]
wonder:[1110111, 1101111, 1101110, 1100100, 1100101, 1110010]
